term,count
the,129
of,88
and,64
to,45
in,42
is,42
a,33
which,22
it,21
has,18
that,16
miss,15
with,14
reality,13
new,13
be,13
idealism,13
by,13
an,13
for,13
s,13
or,11
not,10
have,10
this,10
consciousness,10
her,10
but,10
sinclair,9
as,9
other,7
its,7
from,7
all,7
what,7
been,7
experience,7
god,7
universe,7
idealist,7
between,7
must,7
our,7
things,6
problem,6
we,6
she,6
on,5
time,5
will,5
itself,5
philosophy,5
romantic,5
absolute,5
old,5
only,5
mind,5
book,5
intelligence,5
he,5
world,5
point,4
called,4
his,4
realism,4
physical,4
so,4
idealistic,4
position,4
out,4
some,4
one,4
says,4
are,4
o,4
philosophers,4
finite,4
man,4
who,4
do,4
evil,3
univ,3
know,3
error,3
any,3
erse,3
bad,3
wholly,3
british,3
him,3
metaphysics,3
theory,3
deity,3
american,3
stuff,3
idealists,3
they,3
critical,3
upon,3
minded,3
dialectic,3
would,3
does,3
spiritual,3
sense,3
professor,3
contemporary,3
t,2
primary,2
lies,2
most,2
their,2
nature,2
secondary,2
here,2
space,2
both,2
make,2
merely,2
further,2
appears,2
if,2
once,2
omnipotent,2
no,2
except,2
form,2
into,2
ever,2
did,2
thought,2
plain,2
continued,2
page,2
first,2
away,2
intellectual,2
hypothesis,2
open,2
serious,2
apace,2
call,2
mean,2
view,2
fundamental,2
fact,2
doctrine,2
seems,2
take,2
system,2
certain,2
ways,2
pointed,2
present,2
apparent,2
reduced,2
shall,2
question,2
implications,2
acquired,2
unmoving,2
when,2
knowledge,2
moving,2
body,2
words,2
realists,2
herself,2
school,2
method,2
realities,2
become,2
being,2
completely,2
terms,2
conflict,2
essentially,2
tough,2
philosophical,2
purely,2
states,2
still,2
distinguish,2
ideal,2
theories,2
put,2
forth,2
i,2
free,2
years,2
was,2
largely,2
l,2
fresh,2
traditional,2
flame,2
empiricist,2
power,2
effect,2
create,2
name,2
takes,2
controversy,2
can,2
conception,2
nobility,1
never,1
acknowledged,1
wearied,1
pointing,1
difficulty,1
positive,1
represents,1
high,1
contentions,1
logical,1
shrewdly,1
uses,1
exercise,1
preconceptions,1
good,1
non,1
recent,1
ancient,1
categories,1
certainly,1
impediments,1
play,1
beauty,1
disputation,1
karat,1
every,1
outworn,1
brings,1
armory,1
complete,1
consciously,1
characterized,1
equipment,1
showed,1
assumed,1
significant,1
vulnerability,1
tenets,1
criticism,1
existed,1
about,1
again,1
them,1
divorce,1
emancipation,1
preoccupation,1
contribution,1
none,1
start,1
genuine,1
less,1
involve,1
program,1
ambitious,1
sight,1
at,1
behavior,1
provocative,1
based,1
important,1
attacks,1
addition,1
mesas,1
likely,1
another,1
season,1
suggest,1
terminology,1
retention,1
lacking,1
exists,1
joined,1
entirely,1
distinction,1
already,1
obliterate,1
trod,1
epistemological,1
well,1
where,1
alley,1
blind,1
disposed,1
reject,1
cut,1
morass,1
real,1
antique,1
us,1
possessing,1
heart,1
organized,1
approaches,1
continuous,1
apparently,1
movement,1
unreal,1
stand,1
ted,1
really,1
through,1
move,1
bodies,1
continuity,1
there,1
happen,1
ad,1
perceptual,1
matter,1
granted,1
ha,1
looks,1
snits,1
supports,1
badness,1
curiously,1
chosen,1
everything,1
own,1
reader,1
necessity,1
arise,1
how,1
possible,1
precisely,1
la,1
fichte,1
hybrid,1
bothered,1
knowing,1
now,1
primal,1
prevent,1
true,1
against,1
concerned,1
postulates,1
outside,1
impossibly,1
happening,1
solution,1
hardly,1
subconscious,1
hand,1
reports,1
interprets,1
ordered,1
such,1
could,1
literally,1
living,1
however,1
perception,1
immediate,1
generalizations,1
hats,1
burns,1
conditioned,1
suffering,1
pierces,1
very,1
convinced,1
thoroughly,1
events,1
enunciating,1
abstractions,1
ac,1
unrest,1
dealing,1
endow,1
chooses,1
immanent,1
transcendent,1
godhead,1
alexander,1
belong,1
mme,1
immanence,1
selves,1
whose,1
spay,1
forward,1
moved,1
profoundly,1
example,1
part,1
characterize,1
progress,1
substantial,1
strong,1
offered,1
adopt,1
whatever,1
under,1
embraced,1
minds,1
comprehending,1
exist,1
feet,1
pee,1
total,1
eliminated,1
es,1
con,1
coherent,1
defines,1
relative,1
fragmentary,1
subjective,1
individual,1
assuming,1
let,1
royce,1
josiah,1
objections,1
q,1
rather,1
discoveries,1
abject,1
happens,1
becomes,1
object,1
entities,1
observable,1
relationship,1
asserting,1
find,1
thus,1
independent,1
making,1
objective,1
verifiability,1
test,1
radical,1
motion,1
energies,1
science,1
revealed,1
exactly,1
mare,1
perceptions,1
testified,1
modifications,1
restated,1
responds,1
transcendentalists,1
current,1
atmosphere,1
volume,1
readers,1
recur,1
undoubtedly,1
characterization,1
refuge,1
seek,1
y,1
bpi,1
camps,1
rival,1
serves,1
thinkers,1
tender,1
contrast,1
vivid,1
james,1
william,1
morris,1
r,1
lloyd,1
review,1
up,1
speculation,1
predominantly,1
especially,1
restatement,1
popular,1
became,1
kant,1
derived,1
f,1
many,1
band,1
divergent,1
radicalism,1
ism,1
perpetual,1
field,1
camp,1
preoccupies,1
today,1
specific,1
focused,1
op,1
weapons,1
tactics,1
fray,1
entered,1
persuasion,1
happened,1
organism,1
stripped,1
principles,1
et,1
account,1
viii,1
place,1
give,1
go,1
word,1
horrible,1
epistemology,1
logic,1
hegel,1
kent,1
berkeley,1
centuries,1
nineteenth,1
eighteenth,1
admits,1
candor,1
praiseworthy,1
light,1
reconstruction,1
basis,1
outline,1
subsequently,1
subject,1
two,1
handsome,1
cash,1
ground,1
front,1
nonsense,1
cease,1
objectivity,1
palpable,1
doing,1
without,1
reconcile,1
contrive,1
somehow,1
external,1
come,1
entire,1
foundations,1
concessions,1
surrenders,1
affair,1
simple,1
reactive,1
empirical,1
more,1
methods,1
change,1
goes,1
j,1
attempt,1
usually,1
ethical,1
acumen,1
bas,1
results,1
importance,1
considerable,1
consequences,1
doubts,1
ag,1
fetus,1
devoted,1
attention,1
worth,1
scarcely,1
psychology,1
constituted,1
modern,1
because,1
ago,1
long,1
santayana,1
arisen,1
whole,1
metaphysical,1
single,1
down,1
scientific,1
number,1
independently,1
attacked,1
later,1
vivacity,1
adroitness,1
addressed,1
task,1
defenses,1
repair,1
wreckage,1
clear,1
damage,1
courageous,1
necessary,1
sooner,1
soon,1
heavily,1
borne,1
impact,1
begun,1
bods,1
erected,1
gradually,1
similarly,1
gave,1
compact,1
formed,1
philosophic,1
