term,count
the,14
and,13
of,9
we,8
in,7
angel,7
angels,5
have,5
is,5
our,4
one,4
an,4
not,3
to,3
for,3
by,3
if,3
that,3
this,2
a,2
but,2
two,2
are,2
god,2
story,2
told,2
outcast,2
us,2
slums,2
sisters,2
s,2
than,2
interested,1
way,1
keeps,1
concerning,1
book,1
mr,1
outcasts,1
mistaken,1
frequently,1
fact,1
vile,1
blasphemous,1
sound,1
whose,1
horrors,1
experience,1
amount,1
same,1
be,1
tender,1
wise,1
whether,1
sure,1
then,1
robe,1
his,1
him,1
indwelling,1
virtue,1
world,1
rather,1
actually,1
as,1
exquisiteness,1
grace,1
other,1
lowest,1
mortal,1
all,1
different,1
utterly,1
hearing,1
go,1
words,1
uttered,1
suddenly,1
halo,1
golden,1
eyes,1
blue,1
see,1
when,1
meet,1
know,1
shall,1
think,1
surely,1
suspect,1
many,1
stranger,1
more,1
probably,1
york,1
new,1
edition,1
third,1
o,1
fr,1
doorway,1
smile,1
bit,1
appearances,1
filthy,1
through,1
ignorant,1
drunk,1
half,1
dirt,1
rags,1
reeling,1
known,1
been,1
such,1
complacently,1
only,1
it,1
vision,1
likely,1
very,1
was,1
perspicuity,1
confidence,1
feel,1
pleased,1
character,1
